Query: 72.55, 46.78, 79.23, 9.67, 3.38
Nearest Neighbor: 88.21, 44.88, 76.31, 3.32, 14.65

Query: 89.74, 91.83, 32, 80.07, 13.64
Nearest Neighbor: 59.07, 93.88, 23.61, 96.97, 4.63

Query: 15.21, 38.84, 49.48, 0.96, 52.6
Nearest Neighbor: 8.65, 42.03, 60.65, 18.71, 45.77

Query: 46.52, 8.87, 55.45, 44.05, 45.57
Nearest Neighbor: 59.39, 20.28, 52.28, 30.48, 36.05

Query: 82.4, 39.75, 37.48, 72.29, 27.95
Nearest Neighbor: 83.87, 28.31, 46.66, 82.21, 19.25

Query: 73.81, 93.72, 47.13, 84.44, 68.38
Nearest Neighbor: 73.53, 68.56, 68.45, 81.6, 71.56

Query: 13.26, 52.75, 12.22, 50.05, 26.04
Nearest Neighbor: 17.49, 53.82, 24.55, 52.36, 18.24

Query: 8.58, 40.23, 48.58, 24.52, 65.09
Nearest Neighbor: 8.65, 42.03, 60.65, 18.71, 45.77

Query: 85.76, 57.89, 89.26, 80.75, 99.7
Nearest Neighbor: 78.19, 48.97, 61.62, 70.12, 99.03

Query: 1.41, 30.16, 12.94, 38.04, 86.93
Nearest Neighbor: 9.54, 6.66, 23.79, 50.52, 74.36

Query: 70.7, 55.88, 35.37, 47.39, 91.49
Nearest Neighbor: 70.75, 55.88, 35.37, 47.39, 91.49

